21 0.64921875 0.17578125 0.034375 0.04765625
17 0.21328125 0.12265625 0.03828125 0.02890625
17 0.86796875 0.065625 0.03125 0.04140625
17 0.5578125 0.40703125 0.02890625 0.03125
4 0.275 0.24375 0.015625 0.0171875
3 0.140625 0.5453125 0.0640625 0.04921875
3 0.2234375 0.5875 0.05625 0.05390625
3 0.46171875 0.41015625 0.04765625 0.05234375
3 0.403125 0.38046875 0.04140625 0.05234375
3 0.29765625 0.32265625 0.0421875 0.0265625
3 0.1203125 0.36796875 0.0359375 0.03671875
3 0.17890625 0.446875 0.03984375 0.046875
3 0.1609375 0.50234375 0.0390625 0.03203125
3 0.29765625 0.490625 0.02734375 0.034375
3 0.41015625 0.55390625 0.03828125 0.06796875
3 0.40078125 0.60859375 0.05078125 0.0421875
3 0.3921875 0.784375 0.05390625 0.046875
3 0.52421875 0.65234375 0.0421875 0.040625
3 0.83359375 0.48671875 0.04375 0.0421875
3 0.621875 0.8015625 0.0421875 0.04453125
21 0.3203125 0.7546875 0.01953125 0.015625
21 0.31484375 0.740625 0.01640625 0.01015625
2 0.41171875 0.9625 0.0140625 0.0078125
2 0.434375 0.9734375 0.0109375 0.009375
2 0.415625 0.9734375 0.0125 0.00859375
2 0.3984375 0.984375 0.01171875 0.0125
2 0.43203125 0.92890625 0.01328125 0.009375
2 0.37734375 0.90625 0.01796875 0.01484375
3 0.74375 0.221875 0.0453125 0.040625
21 0.68984375 0.3140625 0.01640625 0.02265625
2 0.75234375 0.32734375 0.01328125 0.0171875