3 0.35078125 0.76171875 0.03203125 0.03828125
3 0.38515625 0.7453125 0.028125 0.0390625
3 0.41171875 0.68203125 0.03046875 0.03046875
3 0.4484375 0.7640625 0.05859375 0.04921875
3 0.903125 0.653125 0.02421875 0.03828125
17 0.16484375 0.459375 0.01953125 0.0296875
1 0.86875 0.73828125 0.04140625 0.05
16 0.91171875 0.13828125 0.0328125 0.025
17 0.075 0.28515625 0.03203125 0.01796875
16 0.2625 0.65625 0.028125 0.02734375
16 0.809375 0.14296875 0.0390625 0.0390625
16 0.55546875 0.8890625 0.034375 0.03125
14 0.51796875 0.04921875 0.065625 0.04765625