8 0.68203125 0.69453125 0.02109375 0.0453125
3 0.6140625 0.396875 0.02890625 0.02421875
16 0.4078125 0.025 0.04140625 0.0265625
3 0.52421875 0.27734375 0.015625 0.03515625
3 0.5828125 0.26875 0.0171875 0.02421875
16 0.4015625 0.3046875 0.04296875 0.05234375
10 0.53515625 0.5265625 0.02734375 0.028125
12 0.87421875 0.1921875 0.025 0.01484375
6 0.2703125 0.33125 0.0203125 0.021875
6 0.953125 0.08203125 0.0265625 0.0203125
6 0.11953125 0.4671875 0.0453125 0.03125
6 0.28671875 0.04765625 0.03515625 0.02734375
6 0.91953125 0.453125 0.05546875 0.03125
10 0.8109375 0.5109375 0.0171875 0.0234375
22 0.89296875 0.13203125 0.034375 0.02265625
22 0.79140625 0.33671875 0.02421875 0.03515625
12 0.84140625 0.3359375 0.02265625 0.02890625
12 0.84921875 0.57421875 0.02734375 0.01484375
12 0.9390625 0.69140625 0.01640625 0.02421875
12 0.925 0.78828125 0.02265625 0.02578125
12 0.01328125 0.72421875 0.025 0.021875
12 0.37890625 0.8234375 0.025 0.01796875
12 0.4765625 0.93125 0.025 0.02265625
3 0.6875 0.2890625 0.028125 0.0171875
3 0.9 0.325 0.0265625 0.0359375
3 0.9578125 0.11953125 0.025 0.0390625
3 0.58671875 0.1046875 0.0203125 0.03203125
3 0.58984375 0.19453125 0.02421875 0.03359375
3 0.35859375 0.30703125 0.03359375 0.03359375
3 0.7 0.7375 0.01875 0.03125
3 0.23046875 0.71328125 0.0296875 0.0234375
3 0.1046875 0.63984375 0.0265625 0.03203125
3 0.02109375 0.61484375 0.03046875 0.0203125
3 0.44765625 0.79765625 0.02578125 0.04296875
3 0.19453125 0.5765625 0.0265625 0.0375
3 0.34765625 0.3875 0.0390625 0.02109375
3 0.08671875 0.41484375 0.04140625 0.021875
3 0.35390625 0.35078125 0.0359375 0.01953125
3 0.19921875 0.30234375 0.04765625 0.0328125
3 0.025 0.26484375 0.03671875 0.02734375
3 0.475 0.1625 0.0140625 0.0375
3 0.409375 0.22109375 0.04453125 0.01875
3 0.32578125 0.10703125 0.02109375 0.02265625
3 0.28984375 0.09140625 0.040625 0.0109375
3 0.25625 0.259375 0.02890625 0.03984375
3 0.03203125 0.20859375 0.04140625 0.0234375
22 0.50390625 0.53671875 0.01640625 0.03359375
11 0.0609375 0.50234375 0.05703125 0.02734375
11 0.303125 0.80234375 0.0453125 0.0140625
17 0.596875 0.65859375 0.01328125 0.02734375
17 0.09921875 0.26953125 0.01796875 0.02890625
17 0.3234375 0.26875 0.03515625 0.01875
17 0.7359375 0.9625 0.02578125 0.02734375
17 0.803125 0.71015625 0.0125 0.0296875
17 0.78203125 0.73515625 0.02421875 0.015625
6 0.43125 0.84296875 0.03359375 0.04375
6 0.12265625 0.05390625 0.04375 0.02265625
5 0.64140625 0.13515625 0.0484375 0.05234375
16 0.4640625 0.7046875 0.02421875 0.03984375
16 0.09609375 0.37578125 0.059375 0.04140625
16 0.0703125 0.20390625 0.0359375 0.03671875
21 0.05546875 0.86484375 0.03671875 0.05625
17 0.41875 0.52265625 0.02890625 0.0265625
7 0.9546875 0.38515625 0.03203125 0.01953125
7 0.9640625 0.409375 0.0359375 0.02578125
2 0.06484375 0.77421875 0.03203125 0.0203125
2 0.1390625 0.66015625 0.0203125 0.0421875
2 0.19140625 0.6953125 0.01484375 0.03203125
2 0.35390625 0.61328125 0.0390625 0.0265625
22 0.5453125 0.41953125 0.01875 0.02890625
2 0.0546875 0.57109375 0.04296875 0.0171875
2 0.92265625 0.4171875 0.03671875 0.01640625
2 0.9625 0.609375 0.01484375 0.0375
2 0.328125 0.021875 0.02734375 0.03671875
2 0.025 0.375 0.04609375 0.01484375
10 0.2125 0.25546875 0.04921875 0.02890625
2 0.9765625 0.33046875 0.034375 0.0203125
2 0.92109375 0.134375 0.015625 0.034375
2 0.40546875 0.79375 0.03359375 0.0265625
2 0.32109375 0.846875 0.0359375 0.01328125
12 0.7921875 0.84140625 0.01953125 0.03359375
6 0.26796875 0.06796875 0.01796875 0.02109375
19 0.8171875 0.76484375 0.021875 0.02421875
10 0.69921875 0.0703125 0.0328125 0.015625
12 0.41875 0.07421875 0.02890625 0.02578125
12 0.89765625 0.03515625 0.03046875 0.02109375
12 0.93984375 0.04296875 0.0359375 0.02265625
22 0.94453125 0.06328125 0.040625 0.01484375
22 0.959375 0.20390625 0.0265625 0.03515625
2 0.08828125 0.3078125 0.03046875 0.0265625
22 0.240625 0.03046875 0.025 0.01640625
22 0.1359375 0.18828125 0.021875 0.0296875
12 0.66640625 0.96640625 0.034375 0.02421875
22 0.39140625 0.12578125 0.01640625 0.0328125
18 0.4734375 0.3875 0.01171875 0.0234375
18 0.76171875 0.284375 0.01875 0.00859375
18 0.90234375 0.21640625 0.0265625 0.0171875
18 0.7703125 0.2109375 0.0328125 0.00859375
18 0.7703125 0.22734375 0.03046875 0.01328125
17 0.73046875 0.734375 0.01796875 0.0265625
17 0.7125 0.76796875 0.02890625 0.01171875
17 0.39140625 0.59375 0.02421875 0.03046875
17 0.87421875 0.16875 0.01328125 0.03203125