3 0.58671875 0.48671875 0.02109375 0.03515625
3 0.725 0.5640625 0.02734375 0.03125
3 0.34453125 0.61640625 0.03515625 0.03984375
3 0.60234375 0.60703125 0.02578125 0.03125
3 0.17265625 0.59140625 0.03515625 0.0328125
3 0.25234375 0.81328125 0.034375 0.03125
3 0.1328125 0.78359375 0.03203125 0.01796875
16 0.71796875 0.9734375 0.0375 0.03359375
16 0.3546875 0.89140625 0.04921875 0.05546875
16 0.55234375 0.62109375 0.04453125 0.0375
16 0.6859375 0.57890625 0.04140625 0.0421875
16 0.7421875 0.275 0.04453125 0.04921875
16 0.3390625 0.184375 0.04140625 0.0546875
16 0.32734375 0.378125 0.05703125 0.025
16 0.78828125 0.46953125 0.03359375 0.0375
3 0.8671875 0.3609375 0.034375 0.034375
3 0.584375 0.1 0.03828125 0.025
3 0.16796875 0.3421875 0.02734375 0.03828125
16 0.56796875 0.89375 0.05234375 0.05078125
16 0.6234375 0.9265625 0.0453125 0.05
2 0.4015625 0.946875 0.015625 0.01640625
2 0.390625 0.86171875 0.02109375 0.0125
2 0.665625 0.84140625 0.02109375 0.01640625
2 0.76953125 0.83359375 0.0171875 0.025
2 0.61875 0.84765625 0.0265625 0.01875
2 0.44140625 0.79609375 0.025 0.01796875
2 0.68515625 0.68203125 0.021875 0.01953125
2 0.50078125 0.21328125 0.02421875 0.015625
2 0.53671875 0.29140625 0.015625 0.021875
2 0.41796875 0.2328125 0.01875 0.01484375
2 0.334375 0.22734375 0.021875 0.0203125
2 0.61953125 0.2796875 0.02421875 0.01953125
2 0.69296875 0.35546875 0.01875 0.01953125
2 0.346875 0.30078125 0.01875 0.01796875
6 0.3234375 0.03359375 0.02421875 0.02265625
6 0.94453125 0.26640625 0.02734375 0.03359375
6 0.94765625 0.975 0.02421875 0.0359375
6 0.1078125 0.86328125 0.04375 0.0390625
24 0.6140625 0.46640625 0.05703125 0.090625
0 0.803125 0.7140625 0.03828125 0.04296875
0 0.8046875 0.6765625 0.0359375 0.02421875
0 0.59375 0.6375 0.02109375 0.01796875
0 0.38671875 0.6078125 0.02578125 0.01953125
0 0.92734375 0.30859375 0.025 0.025
0 0.22109375 0.54296875 0.03046875 0.02109375
0 0.2234375 0.56796875 0.028125 0.021875