16 0.115625 0.59296875 0.07890625 0.06484375
3 0.07265625 0.5453125 0.0359375 0.03125
3 0.8171875 0.75234375 0.059375 0.0453125
3 0.76875 0.2515625 0.04140625 0.03984375
18 0.91328125 0.9078125 0.03359375 0.02265625
18 0.2 0.83671875 0.0359375 0.02890625
17 0.13046875 0.79140625 0.0359375 0.02109375
10 0.51796875 0.3921875 0.0265625 0.02734375
20 0.86015625 0.903125 0.0578125 0.06015625
20 0.07109375 0.35390625 0.034375 0.0625
16 0.665625 0.10625 0.04296875 0.0640625
16 0.85234375 0.3328125 0.04765625 0.05078125
16 0.7171875 0.434375 0.03671875 0.05546875
16 0.43359375 0.4265625 0.065625 0.03359375
23 0.56015625 0.81796875 0.06875 0.06953125
8 0.15625 0.86484375 0.040625 0.04296875
10 0.0671875 0.9796875 0.034375 0.021875
0 0.42421875 0.38203125 0.0515625 0.03359375
0 0.4078125 0.51953125 0.05 0.03984375