3 0.48984375 0.0984375 0.021875 0.04375
3 0.51796875 0.165625 0.0296875 0.025
3 0.67578125 0.13515625 0.0359375 0.02578125
3 0.63203125 0.2765625 0.0375 0.02109375
3 0.55625 0.446875 0.04765625 0.01875
3 0.4609375 0.528125 0.04765625 0.0203125
3 0.50859375 0.6671875 0.03828125 0.03046875
3 0.6953125 0.5875 0.03671875 0.0265625
3 0.909375 0.69140625 0.0265625 0.0421875
3 0.7921875 0.803125 0.04453125 0.03125
3 0.36015625 0.89453125 0.0328125 0.04296875
3 0.2671875 0.609375 0.03828125 0.03125
3 0.27734375 0.64453125 0.0390625 0.0375
3 0.16328125 0.54609375 0.02265625 0.0453125
9 0.03828125 0.08828125 0.01953125 0.02109375
9 0.02109375 0.06015625 0.01953125 0.02109375
9 0.06875 0.040625 0.0171875 0.01640625
9 0.3296875 0.1546875 0.0203125 0.0140625
9 0.33359375 0.19921875 0.01953125 0.01484375
9 0.30625 0.28203125 0.01875 0.01484375
9 0.28046875 0.49140625 0.0171875 0.01953125
9 0.28046875 0.5296875 0.01484375 0.0171875
9 0.14453125 0.74140625 0.0140625 0.01875
9 0.79765625 0.08046875 0.01328125 0.02265625
9 0.8796875 0.1109375 0.015625 0.01640625
9 0.88203125 0.221875 0.02265625 0.01953125
9 0.8609375 0.36640625 0.021875 0.015625
9 0.96015625 0.4890625 0.01875 0.0125
9 0.909375 0.4484375 0.01875 0.0171875
9 0.89921875 0.4234375 0.01875 0.01796875
9 0.8546875 0.390625 0.01484375 0.01796875
9 0.75546875 0.89453125 0.0234375 0.02109375
9 0.92265625 0.9109375 0.0234375 0.01796875
9 0.54765625 0.83984375 0.0265625 0.01484375
9 0.51953125 0.903125 0.02265625 0.02109375
17 0.440625 0.346875 0.0296875 0.0296875
17 0.7484375 0.27578125 0.01953125 0.03046875
8 0.38671875 0.10859375 0.0578125 0.034375
9 0.14765625 0.10859375 0.01796875 0.0171875
6 0.28671875 0.06328125 0.02265625 0.03359375
6 0.4140625 0.221875 0.03125 0.0171875
6 0.16484375 0.89609375 0.025 0.02890625
6 0.5703125 0.825 0.02734375 0.02734375
9 0.63984375 0.63125 0.021875 0.02421875
9 0.725 0.528125 0.02109375 0.02109375
1 0.4609375 0.596875 0.0484375 0.06328125
13 0.71015625 0.7296875 0.059375 0.0453125
9 0.24140625 0.70078125 0.0234375 0.025
9 0.63359375 0.39609375 0.0296875 0.01875
6 0.946875 0.89453125 0.0171875 0.03125
15 0.0484375 0.0109375 0.02734375 0.021875
19 0.33359375 0.475 0.02890625 0.03359375
6 0.2796875 0.75390625 0.0296875 0.0296875
19 0.28828125 0.7890625 0.03359375 0.040625
9 0.33359375 0.75234375 0.02109375 0.025
12 0.4453125 0.7703125 0.0296875 0.0265625
12 0.3859375 0.6546875 0.03203125 0.0265625
6 0.75 0.31015625 0.02734375 0.02265625
6 0.71953125 0.3109375 0.01796875 0.0328125
6 0.66953125 0.625 0.02578125 0.02578125
6 0.5234375 0.73125 0.03125 0.01640625
9 0.44921875 0.73671875 0.01484375 0.021875
9 0.47578125 0.7765625 0.02109375 0.0234375
9 0.690625 0.3265625 0.0234375 0.0296875
9 0.33046875 0.075 0.0390625 0.028125