3 0.565625 0.54140625 0.0265625 0.03671875
3 0.59609375 0.5203125 0.0328125 0.03515625
3 0.4421875 0.61171875 0.03515625 0.0296875
3 0.4109375 0.56015625 0.05 0.01640625
3 0.684375 0.4890625 0.0296875 0.053125
3 0.5890625 0.73125 0.01953125 0.04921875
3 0.67890625 0.72578125 0.028125 0.0390625
3 0.3578125 0.65703125 0.02421875 0.0234375
3 0.3671875 0.70546875 0.0375 0.0375
3 0.63359375 0.31796875 0.03515625 0.021875
3 0.4625 0.18359375 0.03671875 0.0140625
3 0.2296875 0.2875 0.03125 0.02265625
3 0.4046875 0.50078125 0.02578125 0.03125
3 0.37265625 0.81953125 0.040625 0.03671875
3 0.46640625 0.80625 0.04140625 0.02109375
3 0.290625 0.71953125 0.040625 0.0203125
11 0.690625 0.66484375 0.05078125 0.05234375
17 0.2390625 0.24921875 0.01875 0.03125
17 0.2765625 0.25234375 0.015625 0.03046875
17 0.45625 0.28671875 0.03046875 0.02578125
18 0.55859375 0.5109375 0.02421875 0.01875
18 0.5609375 0.5984375 0.01875 0.025
18 0.6234375 0.6875 0.015625 0.0265625
18 0.63828125 0.65703125 0.02265625 0.025
18 0.5796875 0.4625 0.01796875 0.02109375
22 0.584375 0.76484375 0.03359375 0.0296875
22 0.40078125 0.653125 0.03984375 0.01875
22 0.62890625 0.53671875 0.01640625 0.02890625
12 0.28828125 0.28046875 0.015625 0.021875
12 0.30234375 0.2984375 0.01484375 0.02265625
12 0.30390625 0.26640625 0.021875 0.0296875
18 0.30859375 0.2125 0.02421875 0.021875
13 0.26640625 0.759375 0.03828125 0.04375
12 0.18046875 0.6203125 0.03671875 0.046875
12 0.2078125 0.740625 0.0328125 0.01953125
12 0.22890625 0.78359375 0.0328125 0.0171875
3 0.3640625 0.74609375 0.04375 0.03828125
12 0.45 0.5359375 0.025 0.025
12 0.29296875 0.32578125 0.01953125 0.0265625